token,symbol,ltp,level,taps
197633,DABUR,527.5,525.0,60
794369,SHREECEM,25421.85,25550.0,47
794369,SHREECEM,25421.85,26340.0,43
369153,SANOFI,6197.45,6233.85,42
4488705,MGL,1178.7,1180.35,40
794369,SHREECEM,25421.85,25355.0,38
5097729,DMART,3661.25,3644.3,36
1394945,CHEMPLASTS,502.7,500.0,36
4879617,MANAPPURAM,155.08,158.3,33
4879617,MANAPPURAM,155.08,156.1,31
871681,TATACHEM,1107.15,1110.85,30
3785729,SPARC,209.02,209.7,30
2259969,GAEL,123.94,125.0,29
94977,BATAINDIA,1370.3,1381.05,27
3898369,UJJIVANSFB,33.54,33.5,26
3785729,SPARC,209.02,210.9,25
4879617,MANAPPURAM,155.08,154.55,24
1510401,AXISBANK,1149.65,1151.85,20
369153,SANOFI,6197.45,6333.95,20
6386689,LTF,140.76,144.6,20
958465,FINEORG,5161.8,5125.0,19
3649281,REDINGTON,197.92,202.3,19
3691009,ASTRAL,1790.65,1773.0,19
126721,BLUEDART,7444.45,7500.0,19
325121,AMBUJACEM,515.0,518.35,18
6401,ADANIENT,2397.8,2420.95,18
958465,FINEORG,5161.8,5164.9,16
225537,DRREDDY,1199.9,1197.95,16
958465,FINEORG,5161.8,5120.0,16
3078145,ACI,694.35,689.0,15
126721,BLUEDART,7444.45,7480.0,15
3575297,HBLPOWER,616.4,612.0,14
151553,GRAPHITE,483.35,485.15,13
122881,BIRLACORPN,1151.3,1143.45,13
6483969,APLLTD,1088.15,1094.0,12
126721,BLUEDART,7444.45,7644.55,12
3712257,BALAMINES,2024.5,2000.0,11
3691009,ASTRAL,1790.65,1740.0,11
3912449,KNRCON,329.2,329.85,10
6386689,LTF,140.76,140.2,10
3712257,BALAMINES,2024.5,2009.2,10
3930881,RECLTD,526.35,524.0,9
637185,ISEC,875.0,866.45,9
424961,ITC,476.95,481.45,9
36865,GODREJAGRO,739.95,746.8,9
969473,WIPRO,582.9,579.9,9
56321,IEX,171.71,173.35,9
4278529,UBL,1926.1,1908.0,8
2076161,AWL,314.75,320.1,8
6988033,RTNINDIA,63.92,63.5,8
4632577,JUBLFOOD,651.2,652.35,8
2863105,IDFCFIRSTB,64.15,64.3,8
2730497,PNB,104.38,104.2,7
3812865,CENTRALBK,56.38,56.0,7
4592385,HINDCOPPER,277.35,277.9,7
3905025,CEATLTD,2973.95,2998.45,6
163073,CHAMBLFERT,489.15,484.95,6
4378881,SUMICHEM,541.55,540.8,6
3520001,FLUOROCHEM,3888.45,3920.0,6
79873,TIINDIA,3389.15,3398.7,6
79873,TIINDIA,3389.15,3398.5,6
3649281,REDINGTON,197.92,196.0,6
731905,RAYMOND,1631.7,1635.3,5
2076161,AWL,314.75,315.5,5
962817,RITES,290.8,292.0,5
345089,HEROMOTOCO,4871.25,4849.05,5
4834049,SJVN,113.68,114.55,5
85761,BALKRISIND,2736.35,2753.05,5
519937,M&M,3004.8,3013.5,4
85761,BALKRISIND,2736.35,2723.8,4
416513,LINDEINDIA,7045.05,7030.0,3
193793,CRISIL,5282.8,5268.5,3
102145,NIACL,190.99,192.45,3
108033,BHARATFORG,1325.4,1330.0,3
2883073,IGL,319.5,321.0,3
1813249,STARHEALTH,456.65,454.8,3
1076225,MOTHERSON,163.6,162.75,2
3712257,BALAMINES,2024.5,1960.0,1
